1.00000000e-01 6.25320077e-02
1.06722689e-01 6.10916575e-02
1.13445378e-01 5.90659402e-02
1.20168067e-01 5.64548559e-02
1.26890756e-01 5.32584045e-02
1.33613445e-01 4.98592605e-02
1.40336134e-01 4.82408669e-02
1.47058824e-01 4.88287816e-02
1.53781513e-01 5.14056058e-02
1.60504202e-01 5.43873159e-02
1.67226891e-01 5.63700599e-02
1.73949580e-01 5.64891459e-02
1.80672269e-01 5.49155861e-02
1.87394958e-01 5.25460932e-02
1.94117647e-01 5.00786135e-02
2.00840336e-01 4.78842642e-02
2.07563025e-01 4.57363978e-02
2.14285714e-01 4.34395171e-02
2.21008403e-01 4.08921858e-02
2.27731092e-01 3.82790034e-02
2.34453782e-01 3.57855534e-02
2.41176471e-01 3.36559972e-02
2.47899160e-01 3.19327818e-02
2.54621849e-01 3.05699638e-02
2.61344538e-01 2.93875252e-02
2.68067227e-01 2.82457020e-02
2.74789916e-01 2.70976379e-02
2.81512605e-01 2.59836799e-02
2.88235294e-01 2.48659838e-02
2.94957983e-01 2.36834526e-02
3.01680672e-01 2.23296034e-02
3.08403361e-01 2.08775273e-02
3.15126050e-01 1.94122307e-02
3.21848739e-01 1.80622347e-02
3.28571429e-01 1.69187372e-02
3.35294118e-01 1.60307955e-02
3.42016807e-01 1.54284140e-02
3.48739496e-01 1.50186488e-02
3.55462185e-01 1.47307648e-02
3.62184874e-01 1.44861379e-02
3.68907563e-01 1.42412773e-02
3.75630252e-01 1.39716899e-02
3.82352941e-01 1.36573695e-02
3.89075630e-01 1.33051117e-02
3.95798319e-01 1.29301779e-02
4.02521008e-01 1.25580363e-02
4.09243697e-01 1.22263689e-02
4.15966387e-01 1.19565818e-02
4.22689076e-01 1.17638029e-02
4.29411765e-01 1.16265075e-02
4.36134454e-01 1.15289385e-02
4.42857143e-01 1.14584689e-02
4.49579832e-01 1.14311876e-02
4.56302521e-01 1.14569234e-02
4.63025210e-01 1.15439273e-02
4.69747899e-01 1.16946395e-02
4.76470588e-01 1.19066453e-02
4.83193277e-01 1.21702204e-02
4.89915966e-01 1.24430853e-02
4.96638655e-01 1.26838459e-02
5.03361345e-01 1.28522708e-02
5.10084034e-01 1.29189263e-02
5.16806723e-01 1.28719942e-02
5.23529412e-01 1.27100926e-02
5.30252101e-01 1.24615312e-02
5.36974790e-01 1.21687534e-02
5.43697479e-01 1.18644509e-02
5.50420168e-01 1.15470709e-02
5.57142857e-01 1.12030194e-02
5.63865546e-01 1.08273211e-02
5.70588235e-01 1.04451218e-02
5.77310924e-01 1.00769335e-02
5.84033613e-01 9.73137863e-03
5.90756303e-01 9.39225025e-03
5.97478992e-01 9.05087791e-03
6.04201681e-01 8.70593558e-03
6.10924370e-01 8.36966231e-03
6.17647059e-01 8.05149017e-03
6.24369748e-01 7.75312407e-03
6.31092437e-01 7.46308312e-03
6.37815126e-01 7.16970052e-03
6.44537815e-01 6.86852222e-03
6.51260504e-01 6.56439339e-03
6.57983193e-01 6.26687084e-03
6.64705882e-01 5.98449555e-03
6.71428571e-01 5.72838078e-03
6.78151261e-01 5.49570664e-03
6.84873950e-01 5.28293770e-03
6.91596639e-01 5.08531131e-03
6.98319328e-01 4.90928111e-03
7.05042017e-01 4.75984377e-03
7.11764706e-01 4.64263650e-03
7.18487395e-01 4.56676892e-03
7.25210084e-01 4.53763646e-03
7.31932773e-01 4.55875903e-03
7.38655462e-01 4.61694192e-03
7.45378151e-01 4.70679493e-03
7.52100840e-01 4.82856183e-03
7.58823529e-01 5.00329793e-03
7.65546218e-01 5.23267879e-03
7.72268908e-01 5.50336955e-03
7.78991597e-01 5.77314795e-03
7.85714286e-01 6.01828693e-03
7.92436975e-01 6.22061060e-03
7.99159664e-01 6.39002677e-03
8.05882353e-01 6.55286345e-03
8.12605042e-01 6.75168453e-03
8.19327731e-01 7.03793136e-03
8.26050420e-01 7.44740087e-03
8.32773109e-01 8.00658183e-03
8.39495798e-01 8.65665799e-03
8.46218487e-01 9.28496635e-03
8.52941176e-01 9.75656334e-03
8.59663866e-01 1.00451833e-02
8.66386555e-01 1.01453946e-02
8.73109244e-01 1.00571974e-02
8.79831933e-01 9.78059153e-03
8.86554622e-01 9.31557710e-03
8.93277311e-01 8.66215409e-03
9.00000000e-01 7.82032249e-03
